180021452001010040000342          .6    
180060236001010040000342          .2    
180081042001010040000342         .45    
180021452001013150600042         1.9    
180060236001013150600042          .1    
180081042001013150600042          .3    
180021452001013151600042          .8    
180060236001013151600042         .05    
180081042001013151600042          .2    
180021452001013810518142         .03    
180060236001013810518142         .02    
180081042001013810518142         .02    
180021452001013810521042         .15    
180060236001013810521042          .1    
180081042001013810521042          .1    
180021452001014003200142         .03    
180021452011014003200142         .03    
180021452021014003200142         .03    
180060236001014003200142         .01    
180060236011014003200142         .03    
180081042001014003200142        .015    
180081042011014003200142         .03    
180021452001015390704342         .05    
180060236001015390704342         .01    
180081042001015390704342         .02    
180021452001015390705042         1.4    
180060236001015390705042         .24    
180081042001015390705042         .23    
180021452001015390705142         1.4    
180060236001015390705142         .24    
180081042001015390705142         .23    
966480144001015391904042         .05    
966480148001015391904042         .05    
180021452001015460640033          .1    
180060236001015460640033         .05    
180081042001015460640033          .1    
180021452001015464110042        1.65    
180060236001015464110042         .09    
180081042001015464110042         .33    
180021452001015470210042         .08    
180060236001015470210042         .01    
180081042001015470210042         .05    
180021452001015480140042           1    
180060236001015480140042          .3    
180081042001015480140042          .5    
180021452001015482900042        2.44    
180021452011015482900042          .2    
180021452021015482900042          .3    
180060236001015482900042         .12    
180060236011015482900042          .2    
180081042001015482900042          .6    
180081042011015482900042          .2    
001769003001015510000435        .025    
017495013001015510000435        .464    
017495063001015510000435        .624    
017495132001015510000435        .621    
017495162001015510000435        .488    
017690622001015510000435        .025    
017691390011015510000435        .025    
038062502001015510000435       .0218    
038062512001015510000435       .0109    
038062520001015510000435       .0515    
038264101001015510000435         .03    
038264121001015510000435         .03    
051600418001015510000435        .015    
051660001001015510000435        .015    
051710001001015510000435        .005    
051710003001015510000435        .005    
054600101001015510000435         .03    
054600107001015510000435       .0025    
056000031001015510000435        .199    
056000151201015510000435         .01    
056000281101015510000435         .01    
056000533001015510000435        .034    
056000534001015510000435        .019    
056000737001015510000435        .005    
062650382001015510000435        .015    
062650801011015510000435        .015    
062650839021015510000435        .015    
062650839031015510000435        .015    
062650947011015510000435        .015    
062650947021015510000435        .015    
062890347001015510000435       .0004    
063010135001015510000435        .006    
063010201001015510000435        .002    
064010006001015510000435        .006    
065810022021015510000435         .01    
065810023021015510000435         .01    
065810222021015510000435         .01    
065810275001015510000435         .01    
066004201001015510000435         .02    
066110101001015510000435         .09    
066130101001015510000435         .05    
066140106001015510000435         .02    
066154006001015510000435         .02    
066760001001015510000435         .02    
072710137001015510000435        .005    
072710161001015510000435        .005    
072720252001015510000435        .005    
072730001001015510000435        .007    
072750011001015510000435        .005    
076110114001015510000435         .03    
076130118001015510000435         .03    
076134101001015510000435         .01    
076140109001015510000435         .02    
076140307001015510000435         .01    
076140407001015510000435        .015    
076140501001015510000435        .015    
076140505001015510000435        .015    
076154001001015510000435        .025    
076701111001015510000435         .02    
078670608001015510000435        .004    
078670611001015510000435        .005    
078720001001015510000435        .005    
078740003001015510000435        .003    
079710439001015510000435        .006    
079710439021015510000435        .006    
079710603001015510000435        .005    
079710609001015510000435        .007    
079710808001015510000435        .005    
079710883001015510000435        .005    
117213201001015510000435        .696    
117214211001015510000435         .91    
117217202001015510000435        .684    
117274211001015510000435         .86    
117470201001015510000435        .621    
117470912001015510000435         .42    
117471004001015510000435        .267    
117471301001015510000435        .676    
117471801001015510000435        .732    
117590311001015510000435        .439    
226010311001015510000435         .05    
226010411001015510000435         .07    
226010421001015510000435         .08    
226020111001015510000435         .09    
226020151001015510000435         .09    
226020201001015510000435         .09    
226030101001015510000435         .08    
311723201001015510000435        .684    
311724211001015510000435         .91    
311747180101015510000435        .732    
921254695001015510000435        .008    
921522721001015510000435        .001    
921522963001015510000435        .001    
921522996001015510000435        .001    
921523095001015510000435        .005    
921729345001015510000435        .015    
991521562001015510000435        .005    
991521782001015510000435         .09    
991522486001015510000435        .015    
991725139001015510000435        .055    
991726096001015510000435         .08    
991726261001015510000435         .01    
991726954001015510000435         .01    
991727229001015510000435       .0021    
001769003001015639900135         .27    
005470246001015639900135        .018    
005470326001015639900135         .02    
005470326021015639900135         .02    
017030099001015639900135        .007    
017037001001015639900135        .007    
017193043001015639900135        .031    
017390151001015639900135         .01    
017390152001015639900135        .016    
017390165001015639900135        .013    
017390166001015639900135        .006    
017390185001015639900135        .003    
017390186001015639900135        .026    
017390195001015639900135        .002    
017390201001015639900135        .011    
017390206001015639900135        .011    
017490204001015639900135        .004    
017490316001015639900135        .022    
017490352011015639900135        .439    
017490353001015639900135        .072    
017490417001015639900135        .024    
017490464011015639900135        .688    
017490483001015639900135        .002    
017490531001015639900135        .006    
017490546001015639900135       .0063    
017490705001015639900135        .007    
017495013001015639900135        .139    
017495063001015639900135         .19    
017495132001015639900135        .197    
017495157001015639900135        .004    
017495162001015639900135        .146    
017540011001015639900135        .023    
017690226001015639900135        .004    
017690411001015639900135        .003    
017690445001015639900135        .028    
017690487001015639900135        .004    
017690622001015639900135        .205    
017691390011015639900135         .27    
038060039001015639900135        .253    
038060152001015639900135        .506    
038060161001015639900135        .506    
038060221001015639900135         .01    
038061101001015639900135        .253    
038061121001015639900135        .253    
038061201001015639900135       .0255    
038061221001015639900135         .01    
038062016001015639900135        .005    
038062101001015639900135       3.337    
038062151001015639900135        2.73    
038062201001015639900135        2.73    
038062251001015639900135        2.73    
038062301001015639900135         .01    
038062321001015639900135         .01    
038062331001015639900135         .01    
038062741001015639900135         .01    
038062761001015639900135          .1    
038063101001015639900135        .506    
038063121001015639900135        .253    
038066028001015639900135        .005    
038066101001015639900135        .253    
038066161001015639900135        .005    
038066181001015639900135        .005    
038067101001015639900135       2.025    
038067155001015639900135         .07    
038067156001015639900135        .063    
038067206001015639900135        .092    
038067211001015639900135         .01    
038264101001015639900135       1.519    
038264121001015639900135       1.519    
038266101001015639900135        .253    
038267101001015639900135       2.025    
051600451001015639900135       4.081    
051600454001015639900135        .595    
051600455001015639900135        .595    
054600014001015639900135        .115    
054600101001015639900135       2.405    
056000006001015639900135        .012    
056000011001015639900135        .772    
056000049001015639900135        .023    
056000079001015639900135         .01    
056000151201015639900135         .02    
056000167101015639900135        .025    
056000266001015639900135        .025    
056000281101015639900135         .02    
056000352001015639900135        .025    
056000451001015639900135       .0044    
056000461001015639900135        .023    
056000601001015639900135        .011    
056000702001015639900135       .0066    
056000715001015639900135        .024    
056281011001015639900135        .791    
062010201001015639900135        .019    
062010202001015639900135        .019    
062570036001015639900135        .016    
062650204001015639900135        .124    
062650305001015639900135        .186    
062650382001015639900135        .202    
062650516001015639900135         .08    
062650516011015639900135        .098    
062650801011015639900135         .04    
062650839021015639900135        .608    
062650839031015639900135        .608    
062650871011015639900135        .023    
062650877001015639900135        .025    
062650947011015639900135        .608    
062650947021015639900135        .608    
062660146001015639900135        .091    
062710136001015639900135         .06    
062710303011015639900135         .06    
062710322001015639900135         .06    
062727001001015639900135       .0011    
062830083001015639900135         .02    
063010201001015639900135         .02    
063710055001015639900135        .091    
065810022021015639900135        .101    
065810023021015639900135        .031    
065810274001015639900135         .05    
065810275001015639900135        .081    
065810291001015639900135        .015    
065890408001015639900135        .042    
066004101001015639900135        .184    
066004101011015639900135        .184    
066110101001015639900135       1.719    
066120031001015639900135         .21    
066120101001015639900135         .13    
066130111001015639900135        .101    
066130201001015639900135         .53    
066130202001015639900135        .407    
066130401001015639900135        .255    
066141801001015639900135       1.066    
066710001001015639900135        .318    
066730032001015639900135        .135    
066740001001015639900135        .054    
066760001001015639900135        .182    
072710137001015639900135       3.553    
072720058001015639900135        .092    
072720253001015639900135         .02    
072720254001015639900135         .02    
072730001001015639900135       1.025    
072750011001015639900135        .009    
072750033001015639900135        .069    
072750034001015639900135        .065    
076004102001015639900135        .091    
076004212001015639900135         .25    
076004312001015639900135        .152    
076004313001015639900135         .26    
076004602001015639900135        .061    
076110114001015639900135       1.719    
076130081001015639900135        .044    
076130118001015639900135       10.17    
076130801001015639900135        .031    
076130901001015639900135        .031    
076131401001015639900135        .508    
076131402001015639900135        .523    
076134101001015639900135         .09    
076136101001015639900135        .078    
076140109001015639900135       1.519    
076140505001015639900135        .101    
076151112001015639900135        .021    
076154001001015639900135       6.878    
076701111001015639900135        .081    
078670396001015639900135        .018    
078670608001015639900135         .05    
078679161001015639900135        .016    
078720001001015639900135       8.783    
078740001001015639900135         .41    
078850016001015639900135        .014    
078850198001015639900135         .25    
079710439001015639900135       2.404    
079710439021015639900135       2.404    
079710609001015639900135       1.025    
079710813001015639900135        .008    
079710822001015639900135       .0055    
079710823001015639900135        .005    
079710857001015639900135        .499    
079710858001015639900135        .479    
079710859001015639900135        .465    
079710908001015639900135        .357    
079710915001015639900135        .067    
079710923001015639900135        .014    
079710958001015639900135        .072    
117213201001015639900135        .212    
117214211001015639900135        .255    
117214321001015639900135        .484    
117214331001015639900135        .762    
117217202001015639900135         .25    
117234025001015639900135        .007    
117234322001015639900135        .072    
117234521001015639900135        .024    
117234531001015639900135        .005    
117234533001015639900135        .002    
117234541001015639900135        .007    
117234551001015639900135        .008    
117240331001015639900135        .823    
117274025001015639900135        .007    
117274211001015639900135         .32    
117274321001015639900135         .44    
117274331001015639900135        .823    
117274521001015639900135        .024    
117274531001015639900135        .005    
117274533001015639900135        .002    
117274541001015639900135        .007    
117274551001015639900135        .008    
117470008001015639900135        .013    
117470012001015639900135        .008    
117470171001015639900135        .013    
117470201001015639900135        .227    
117470601001015639900135        .035    
117470912001015639900135         .15    
117471004001015639900135         .22    
117471105001015639900135         .01    
117471106001015639900135         .01    
117471107001015639900135        .006    
117471108001015639900135        .017    
117471301001015639900135         .19    
117471601001015639900135        .035    
117471801001015639900135        .267    
117590121001015639900135        .013    
117590122001015639900135        .008    
117590231001015639900135         .06    
117590311001015639900135         .16    
117590411001015639900135        .538    
117590641001015639900135        .059    
117740453001015639900135       .0045    
117740492001015639900135       .0045    
117910007001015639900135        .013    
180021452001015639900135         1.1    
180041105001015639900135        .304    
180060236001015639900135         .14    
180081042001015639900135        .455    
226010211001015639900135         .05    
226010411001015639900135        .308    
226010421001015639900135       1.042    
226012071001015639900135         .05    
226020111001015639900135       2.018    
226020151001015639900135       1.398    
226020201001015639900135       1.233    
226020501001015639900135        .045    
226030101001015639900135       1.994    
226030611001015639900135        .203    
226050021001015639900135       .0395    
311723201001015639900135         .25    
311724211001015639900135        .255    
311747180101015639900135        .267    
718010306011015639900135        .002    
718203706201015639900135        .002    
718203708201015639900135        .002    
890109001001015639900135         .12    
890109002001015639900135        .019    
890111001001015639900135        .174    
890111001011015639900135        .174    
890111002001015639900135        .042    
890111002011015639900135        .042    
890112001001015639900135        .242    
890112002001015639900135        .063    
890142001001015639900135         .44    
890142002001015639900135         .13    
891109100011015639900135        .048    
891111100011015639900135        .087    
891112100011015639900135        .152    
891113110011015639900135        .131    
891114110011015639900135        .184    
891115110011015639900135        .368    
891130002001015639900135         .04    
891140004001015639900135          .6    
891150050011015639900135         .13    
891150050021015639900135         .04    
891212010221015639900135        .011    
891212010231015639900135        .011    
891212010241015639900135        .043    
891231010181015639900135        .028    
891242010141015639900135        .034    
891244010141015639900135        .076    
891246010331015639900135        .101    
891249010031015639900135        .174    
891380405461015639900135        .005    
891380808331015639900135        .004    
891680600581015639900135        .295    
891680601261015639900135        .014    
891680601341015639900135        .006    
891680601511015639900135        .295    
891680603921015639900135       1.091    
897500000001015639900135        .002    
897500000011015639900135         .07    
897500000101015639900135         .16    
897510150001015639900135         .16    
897533120011015639900135        .011    
897560519001015639900135        .008    
897574613001015639900135        .005    
897574656001015639900135         .15    
897600031001015639900135        .242    
897600112001015639900135        .184    
897600304001015639900135        .105    
897600308001015639900135        .174    
897600324001015639900135        .174    
897600326001015639900135        .087    
897600328001015639900135        .092    
897600519001015639900135        .014    
902468180001015639900135        .012    
902468191001015639900135        .015    
902468334001015639900135         .02    
910006330001015639900135         .54    
921254695001015639900135        .509    
921254970001015639900135        .029    
921255124001015639900135         .05    
921255344001015639900135         .02    
921523095001015639900135        .203    
921729345001015639900135        .403    
941521227001015639900135        .012    
941725519001015639900135        .002    
941725662001015639900135        .116    
966480144001015639900135        .072    
966480148001015639900135        .048    
991520968001015639900135       1.519    
991521661001015639900135         .19    
991521672001015639900135        .177    
991521782001015639900135        .532    
991522035001015639900135         .03    
991522046001015639900135         .03    
991522079001015639900135         .05    
991522486001015639900135        .262    
991522640001015639900135         .04    
991725139001015639900135       6.986    
991725513001015639900135        .112    
991725535001015639900135         .04    
991726096001015639900135       4.251    
991726217001015639900135         .19    
991726239001015639900135         .04    
991726261001015639900135        .262    
991726393001015639900135         .04    
991726470001015639900135        .076    
991726547001015639900135         .07    
991726954001015639900135         .11    
994020520001015639900135        .034    
180021452001015642803842         .01    
180060236001015642803842        .002    
180081042001015642803842        .008    
966480144001015760100042         .04    
966480148001015760100042         .04    
966480144001015809500042         .04    
966480148001015809500042         .04    
180021452001016102200442         318    
180060236001016102200442          68    
180081042001016102200442         160    
966480144001016102200442          .6    
966480148001016102200442          .6    
180021452001016102300042          63    
180021452011016102300042           3    
180021452021016102300042           5    
180060236001016102300042           3    
180060236011016102300042           3    
180081042001016102300042          13    
180081042011016102300042           3    
966480144001016103200542          .3    
966480148001016103200542          .3    
966480144001016103500542         .15    
966480148001016103500542         .15    
180021452001016105300042          .4    
180060236001016105300042         .15    
180081042001016105300042         .15    
180021452001017264700142          .2    
180060236001017264700142          .1    
180081042001017264700142          .2    
001769020001043280200042       .0065    
001769020011043280200042       .0065    
001769020111043280200042       .0065    
001769020121043280200042       .0065    
001769020131043280200042       .0065    
001769020141043280200042       .0065    
001769020711043280200042       .0065    
001769020771043280200042       .0065    
017691580111043280200042       .0065    
017691580121043280200042       .0065    
017691580131043280200042       .0065    
017691580141043280200042       .0065    
017691580151043280200042       .0065    
017691580161043280200042       .0065    
017691580711043280200042       .0065    
017691580721043280200042       .0065    
017691580731043280200042       .0065    
051600590001043280200042        .004    
051600590771043280200042        .004    
051600610001043280200042        .004    
051600610771043280200042        .004    
051660100001043280200042        .004    
051660100771043280200042        .004    
051710140001043280200042        .025    
051710140771043280200042        .025    
054600010001043280200042        .034    
062651030001043280200042       .0215    
062651030011043280200042       .0215    
062651030711043280200042       .0215    
062651030771043280200042       .0215    
062652210011043280200042       .0087    
062652210711043280200042       .0087    
062652220001043280200042       .0013    
062652220771043280200042       .0013    
062652240001043280200042       .0013    
062652240771043280200042       .0013    
062660380001043280200042       .0052    
062660380771043280200042       .0052    
062710920001043280200042        .004    
062710920771043280200042        .004    
062830083001043280200042       .0005    
078673480001043280200042        .005    
117470100001043280200042       .0065    
117472110001043280200042       .0065    
001769020001045140900042        .014    
001769020011045140900042        .014    
001769020111045140900042        .014    
001769020121045140900042        .014    
001769020131045140900042        .014    
001769020141045140900042        .014    
001769020711045140900042        .014    
001769020771045140900042        .014    
017691580111045140900042        .014    
017691580121045140900042        .014    
017691580131045140900042        .014    
017691580141045140900042        .014    
017691580151045140900042        .014    
017691580161045140900042        .014    
017691580711045140900042        .014    
017691580721045140900042        .014    
017691580731045140900042        .014    
038060039001045140900042         .05    
038060150001045140900042         .04    
038060160001045140900042         .04    
038060221001045140900042       .0015    
038061200001045140900042        .026    
038062300001045140900042         .01    
038062320001045140900042         .01    
038062610001045140900042        .055    
038062620001045140900042        .045    
038062630001045140900042         .04    
038066180001045140900042        .001    
051600590001045140900042         .01    
051600590771045140900042         .01    
051600610001045140900042         .01    
051600610771045140900042         .01    
051660100001045140900042        .009    
051660100771045140900042        .009    
051710140001045140900042        .113    
051710140771045140900042        .113    
054600010001045140900042         .15    
062651030001045140900042        .038    
062651030011045140900042        .038    
062651030711045140900042        .038    
062651030771045140900042        .038    
062652210011045140900042        .015    
062652210711045140900042        .015    
062652220001045140900042       .0022    
062652220771045140900042       .0022    
062652240001045140900042       .0022    
062652240771045140900042       .0022    
062660380001045140900042         .01    
062660380771045140900042         .01    
062710920001045140900042        .007    
062710920771045140900042        .007    
062830083001045140900042       .0009    
066120100001045140900042        .014    
066140200001045140900042        .016    
066140410001045140900042        .002    
066740008001045140900042        .001    
066760001001045140900042        .005    
072750030001045140900042        .008    
076136100001045140900042        .005    
076137000001045140900042        .005    
076138200001045140900042        .001    
076155205001045140900042        .002    
076702230001045140900042         .01    
078673480001045140900042         .01    
079710015001045140900042        .001    
079710292001045140900042        .001    
117470100001045140900042        .014    
117472110001045140900042        .014    
921510588001045140900042         .02    
921711690001045140900042         .01    
921711745001045140900042        .015    
941725519001045140900042        .007    
921510588001045141000142         .03    
921711745001045141000142         .03    
038060039001045141000342         .17    
038060150001045141000342        .125    
038060160001045141000342        .125    
038060221001045141000342        .005    
038061200001045141000342         .01    
038062300001045141000342        .035    
038062320001045141000342         .03    
038062610001045141000342         .17    
038062620001045141000342         .15    
038062630001045141000342        .125    
038066180001045141000342        .002    
066120100001045141000342         .05    
066140200001045141000342         .06    
066140410001045141000342        .006    
066740008001045141000342        .004    
066760001001045141000342        .015    
072750030001045141000342        .027    
076136100001045141000342         .02    
076137000001045141000342         .02    
076138200001045141000342        .003    
076155205001045141000342        .005    
076702230001045141000342        .036    
079670487001045141000342        .004    
921510588001045141000342         .09    
921711690001045141000342        .045    
921711745001045141000342         .04    
941725519001045141000342        .012    
079710015001045141000942        .004    
079710292001045141000942        .003    
226090260001045141001042        .015    
001769020001045141001342        .041    
001769020011045141001342        .041    
001769020111045141001342        .041    
001769020121045141001342        .041    
001769020131045141001342        .041    
001769020141045141001342        .041    
001769020711045141001342        .041    
001769020771045141001342        .041    
017691580111045141001342        .041    
017691580121045141001342        .041    
017691580131045141001342        .041    
017691580141045141001342        .041    
017691580151045141001342        .041    
017691580161045141001342        .041    
017691580711045141001342        .041    
017691580721045141001342        .041    
017691580731045141001342        .041    
051600590001045141001342         .03    
051600590771045141001342         .03    
051600610001045141001342         .03    
051600610771045141001342         .03    
051660100001045141001342        .035    
051660100771045141001342        .035    
051710140001045141001342        .224    
051710140771045141001342        .224    
054600010001045141001342          .3    
062651030001045141001342        .137    
062651030011045141001342        .137    
062651030711045141001342        .137    
062651030771045141001342        .137    
062652210011045141001342        .055    
062652210711045141001342        .055    
062652220001045141001342        .008    
062652220771045141001342        .008    
062652240001045141001342        .008    
062652240771045141001342        .008    
062660380001045141001342        .032    
062660380771045141001342        .032    
062710920001045141001342        .025    
062710920771045141001342        .025    
062830083001045141001342       .0031    
078673480001045141001342         .04    
117470100001045141001342        .041    
117472110001045141001342        .041    
001769020001045185401542        .013    
001769020011045185401542        .013    
001769020111045185401542        .013    
001769020121045185401542        .013    
001769020131045185401542        .013    
001769020141045185401542        .013    
001769020711045185401542        .013    
001769020771045185401542        .013    
017691580111045185401542        .013    
017691580121045185401542        .013    
017691580131045185401542        .013    
017691580141045185401542        .013    
017691580151045185401542        .013    
017691580161045185401542        .013    
017691580711045185401542        .013    
017691580721045185401542        .013    
017691580731045185401542        .013    
038060039001045185401542        .049    
038060150001045185401542        .037    
038060160001045185401542        .037    
038060221001045185401542       .0015    
038061200001045185401542       .0098    
038062300001045185401542         .01    
038062320001045185401542         .01    
038062610001045185401542         .05    
038062620001045185401542         .05    
038062630001045185401542         .04    
038066180001045185401542       .0007    
051600590001045185401542        .006    
051600590771045185401542        .006    
051600610001045185401542        .006    
051600610771045185401542        .006    
051660100001045185401542         .01    
051660100771045185401542         .01    
051710140001045185401542         .05    
051710140771045185401542         .05    
054600010001045185401542        .075    
062651030001045185401542        .039    
062651030011045185401542        .039    
062651030711045185401542        .039    
062651030771045185401542        .039    
062652210011045185401542        .016    
062652210711045185401542        .016    
062652220001045185401542       .0023    
062652220771045185401542       .0023    
062652240001045185401542       .0023    
062652240771045185401542       .0023    
062660380001045185401542        .009    
062660380771045185401542        .009    
062710920001045185401542        .007    
062710920771045185401542        .007    
062830083001045185401542       .0009    
066120100001045185401542        .015    
066140200001045185401542        .018    
066140410001045185401542        .002    
066740008001045185401542        .002    
066760001001045185401542        .005    
072750030001045185401542        .008    
076136100001045185401542        .006    
076137000001045185401542       .0055    
076138200001045185401542        .002    
076155205001045185401542        .003    
076702230001045185401542         .01    
078673480001045185401542        .012    
079670487001045185401542        .002    
079710015001045185401542        .002    
079710292001045185401542        .002    
117470100001045185401542        .013    
117472110001045185401542        .013    
226090260001045185401542        .004    
921510588001045185401542        .027    
921711690001045185401542        .012    
921711745001045185401542        .014    
941725519001045185401542        .006    
001769020001045280200042       .0047    
001769020011045280200042       .0047    
001769020111045280200042       .0047    
001769020121045280200042       .0047    
001769020131045280200042       .0047    
001769020141045280200042       .0047    
001769020711045280200042       .0047    
001769020771045280200042       .0047    
017691580111045280200042       .0047    
017691580121045280200042       .0047    
017691580131045280200042       .0047    
017691580141045280200042       .0047    
017691580151045280200042       .0047    
017691580161045280200042       .0047    
017691580711045280200042       .0047    
017691580721045280200042       .0047    
017691580731045280200042       .0047    
038060039001045280200042         .09    
038060150001045280200042        .067    
038060160001045280200042        .067    
038060221001045280200042        .003    
038061200001045280200042        .013    
038062300001045280200042       .0183    
038062320001045280200042        .016    
038062610001045280200042        .091    
038062620001045280200042         .08    
038062630001045280200042        .067    
038066180001045280200042       .0012    
051600590001045280200042        .004    
051600590771045280200042        .004    
051600610001045280200042        .004    
051600610771045280200042        .004    
051660100001045280200042        .003    
051660100771045280200042        .003    
051710140001045280200042        .038    
051710140771045280200042        .038    
054600010001045280200042         .05    
062651030001045280200042       .0127    
062651030011045280200042       .0127    
062651030711045280200042       .0127    
062651030771045280200042       .0127    
062652210011045280200042        .005    
062652210711045280200042        .005    
062652220001045280200042      .00074    
062652220771045280200042      .00074    
062652240001045280200042      .00074    
062652240771045280200042      .00074    
062660380001045280200042       .0034    
062660380771045280200042       .0034    
062710920001045280200042       .0024    
062710920771045280200042       .0024    
062830083001045280200042       .0003    
066120100001045280200042        .021    
066140200001045280200042        .032    
066140410001045280200042        .004    
066740008001045280200042       .0023    
066760001001045280200042        .008    
072750030001045280200042        .015    
076136100001045280200042        .011    
076137000001045280200042        .011    
076138200001045280200042        .002    
076155205001045280200042        .002    
076702230001045280200042        .018    
078673480001045280200042        .004    
079670487001045280200042        .002    
079710015001045280200042        .002    
079710292001045280200042       .0016    
117470100001045280200042       .0047    
117472110001045280200042       .0047    
226090260001045280200042        .005    
921510588001045280200042        .043    
921711690001045280200042       .0184    
921711745001045280200042        .019    
941725519001045280200042       .0064    
001769020001045280400042       .0176    
001769020011045280400042       .0176    
001769020111045280400042       .0176    
001769020121045280400042       .0176    
001769020131045280400042       .0176    
001769020141045280400042       .0176    
001769020711045280400042       .0176    
001769020771045280400042       .0176    
017691580111045280400042       .0176    
017691580121045280400042       .0176    
017691580131045280400042       .0176    
017691580141045280400042       .0176    
017691580151045280400042       .0176    
017691580161045280400042       .0176    
017691580711045280400042       .0176    
017691580721045280400042       .0176    
017691580731045280400042       .0176    
051600590001045280400042        .013    
051600590771045280400042        .013    
051600610001045280400042        .013    
051600610771045280400042        .013    
051660100001045280400042        .013    
051660100771045280400042        .013    
051710140001045280400042        .096    
051710140771045280400042        .096    
054600010001045280400042        .129    
062651030001045280400042       .0587    
062651030011045280400042       .0587    
062651030711045280400042       .0587    
062651030771045280400042       .0587    
062652210011045280400042       .0236    
062652210711045280400042       .0236    
062652220001045280400042      .00343    
062652220771045280400042      .00343    
062652240001045280400042      .00343    
062652240771045280400042      .00343    
062660380001045280400042       .0137    
062660380771045280400042       .0137    
062710920001045280400042        .011    
062710920771045280400042        .011    
062830083001045280400042      .00133    
078673480001045280400042        .017    
117470100001045280400042       .0176    
117472110001045280400042       .0176    
017490255001045510000435        .002    
017490712001045510000435        .002    
063010135001045510000435        .001    
064010006001045510000435        .001    
066154006001045510000435        .024    
076154001001045510000435        .027    
079710439001045510000435        .019    
079710439021045510000435        .019    
001769020001045720500142        .008    
001769020011045720500142        .008    
001769020111045720500142        .008    
001769020121045720500142        .008    
001769020131045720500142        .008    
001769020141045720500142        .008    
001769020711045720500142        .008    
001769020771045720500142        .008    
017691580111045720500142        .008    
017691580121045720500142        .008    
017691580131045720500142        .008    
017691580141045720500142        .008    
017691580151045720500142        .008    
017691580161045720500142        .008    
017691580711045720500142        .008    
017691580721045720500142        .008    
017691580731045720500142        .008    
062651030011045720500142         .04    
062651030711045720500142         .04    
062651030771045720500142         .04    
062652210011045720500142        .016    
062652210711045720500142        .016    
062652220001045720500142        .002    
062652220771045720500142        .002    
062652240001045720500142        .002    
062652240771045720500142        .002    
062660380001045720500142        .007    
062660380771045720500142        .007    
062710920001045720500142       .0052    
062710920771045720500142       .0052    
062830083001045720500142        .001    
072750030001045720500142        .007    
076136100001045720500142        .004    
076137000001045720500142       .0051    
076138200001045720500142        .001    
076155205001045720500142        .002    
076702230001045720500142        .006    
078673480001045720500142        .006    
079670487001045720500142        .001    
079710015001045720500142        .001    
079710292001045720500142        .001    
117470100001045720500142        .008    
117472110001045720500142        .008    
921510588001045720500142        .021    
921711690001045720500142        .023    
921711745001045720500142        .019    
941725519001045720500142        .005    
051600220001073280200042        .004    
051600230001073280200042        .004    
051600580001073280200042         .04    
051710010001073280200042        .025    
056000150201073280200042      .00041    
056000280101073280200042       .0011    
062652280031073280200042       .0088    
062652280721073280200042       .0088    
062652280731073280200042       .0088    
062652530011073280200042       .0088    
062652530021073280200042       .0088    
062652530711073280200042       .0088    
062652530721073280200042       .0088    
062710010771073280200042       .0007    
062710890771073280200042        .002    
062830083771073280200042       .0005    
117471140001073280200042       .0065    
117471510001073280200042       .0065    
921255784001073280200042      .00014    
921523084001073280200042      .00014    
921729312001073280200042      .00014    
991521672001073280200042       .0047    
991521672771073280200042       .0047    
038061300001075103300042        .003    
038062411001075103300042        .176    
038262411001075103300042        .176    
066115150001075103300042          .2    
076115110001075103300042        .125    
076115110771075103300042        .125    
076130110001075103300042         .15    
079713010001075103300042        .018    
079713040001075103300042        .014    
079717110001075103300042        .004    
921255784001075103300042        .005    
921523084001075103300042        .005    
921729312001075103300042        .005    
991571018001075103300042        .005    
941510150001075131101342        .013    
941711010001075131101342        .027    
941510150001075131500042        .018    
941711010001075131500042        .037    
038061100001075140900042        .102    
038061120001075140900042         .08    
038061220001075140900042       .0015    
038061300001075140900042        .003    
038061360001075140900042        .003    
038062016001075140900042         .01    
038062100001075140900042        .102    
038062150001075140900042         .07    
038062200001075140900042        .036    
038062250001075140900042        .062    
038062330001075140900042         .01    
038062401001075140900042        .036    
038062411001075140900042         .04    
038062761001075140900042        .075    
038063100001075140900042        .058    
038063120001075140900042        .018    
038066100001075140900042         .05    
038066130001075140900042        .125    
038066150001075140900042         .08    
038066160001075140900042        .005    
038066170001075140900042        .001    
038067100001075140900042         .02    
038262100001075140900042        .102    
038262150001075140900042         .07    
038262200001075140900042        .036    
038262411001075140900042         .04    
038264100001075140900042        .102    
038264120001075140900042         .08    
038266100001075140900042         .05    
038266130001075140900042        .125    
051600220001075140900042         .01    
051600230001075140900042         .01    
051600580001075140900042         .17    
051710010001075140900042        .113    
062652280031075140900042        .016    
062652280721075140900042        .016    
062652280731075140900042        .016    
062652530011075140900042        .016    
062652530021075140900042        .016    
062652530711075140900042        .016    
062652530721075140900042        .016    
062710010771075140900042       .0013    
062710890771075140900042       .0034    
062710910001075140900042        .002    
062830083771075140900042       .0009    
066004200001075140900042        .006    
066110001001075140900042        .008    
066110105001075140900042        .007    
066110110001075140900042         .09    
066130100001075140900042        .185    
066140110001075140900042         .13    
066141800001075140900042         .04    
066154006001075140900042         .15    
066710020001075140900042        .005    
066740001001075140900042        .003    
072710020001075140900042        .043    
072710620001075140900042         .13    
072721360001075140900042         .21    
072730410001075140900042        .053    
072750020001075140900042        .065    
076004210001075140900042        .005    
076004210771075140900042        .005    
076110140001075140900042         .17    
076110140771075140900042        .055    
076130110001075140900042        .295    
076130110771075140900042        .295    
076136100771075140900042        .005    
076137000771075140900042        .005    
076140120001075140900042        .056    
076140120771075140900042        .056    
076140320001075140900042        .015    
076140320771075140900042        .015    
076140420001075140900042        .015    
076140520001075140900042       .0033    
076140520771075140900042       .0033    
076154000001075140900042        .155    
076154000771075140900042        .155    
076154005001075140900042        .002    
078673090001075140900042         .01    
078720010001075140900042        .192    
078730010771075140900042        .002    
078740030001075140900042         .01    
079711880001075140900042        .026    
079713010001075140900042        .016    
079713040001075140900042        .018    
079717110001075140900042        .003    
117471140001075140900042        .014    
117471510001075140900042        .014    
226010080771075140900042        .003    
226010081001075140900042        .003    
226010310001075140900042        .005    
226010310771075140900042        .005    
226010410001075140900042         .03    
226010410771075140900042         .03    
226010420001075140900042        .028    
226010420771075140900042        .028    
226012070771075140900042        .003    
226012071001075140900042        .003    
226013100001075140900042         .04    
226013200001075140900042         .04    
226020110001075140900042        .082    
226020110771075140900042        .082    
226020150001075140900042        .007    
226020150771075140900042        .007    
226020580001075140900042        .007    
226020580771075140900042        .007    
226021200001075140900042         .06    
226021200771075140900042         .06    
226021440771075140900042         .01    
226021441001075140900042         .01    
226023110001075140900042         .07    
226023200001075140900042         .05    
226023580001075140900042        .007    
226030100001075140900042        .004    
226030100771075140900042        .004    
226030230001075140900042        .005    
226030230771075140900042        .005    
226030610771075140900042        .004    
226030640001075140900042        .009    
226033100001075140900042         .07    
226033640001075140900042        .004    
226050020001075140900042        .006    
226050020771075140900042        .006    
921214160001075140900042        .055    
921214160771075140900042        .055    
921214193001075140900042        .001    
921214193771075140900042        .001    
921214248001075140900042        .008    
921214248771075140900042        .008    
921214259001075140900042        .001    
921214259771075140900042        .001    
921214413001075140900042        .027    
921214424001075140900042        .031    
921214424771075140900042        .031    
921510533001075140900042        .006    
921510566001075140900042        .006    
921522721001075140900042        .004    
941510150001075140900042        .015    
941510172001075140900042        .007    
941510216001075140900042        .007    
941711010001075140900042        .015    
991510023001075140900042        .087    
991510090001075140900042        .015    
991510177001075140900042        .025    
991510177771075140900042        .025    
991510210001075140900042        .002    
991510562771075140900042        .002    
991521661001075140900042        .017    
991521672001075140900042        .008    
991521672771075140900042        .008    
991521925001075140900042        .002    
991522486001075140900042        .013    
991522640001075140900042        .002    
991712038001075140900042        .141    
991712038771075140900042        .141    
991712214001075140900042        .083    
991712247001075140900042        .013    
991712247771075140900042        .013    
991712270001075140900042        .032    
991712270771075140900042        .032    
991712313001075140900042        .035    
991712313771075140900042        .035    
991712368001075140900042        .006    
991712368771075140900042        .006    
991712445001075140900042        .013    
991712445771075140900042        .013    
991712489001075140900042        .005    
991712489771075140900042        .005    
991725271771075140900042        .001    
038062053001075141000142           0    
921214160001075141000142         .02    
921214160771075141000142         .02    
991510023001075141000142         .03    
991712038001075141000142         .03    
038061100001075141000342         .34    
038061120001075141000342        .135    
038061220001075141000342        .003    
038061811001075141000342        .015    
038062016001075141000342         .03    
038062051001075141000342        .002    
038062100001075141000342         .34    
038062150001075141000342        .115    
038062200001075141000342        .065    
038062250001075141000342        .105    
038062330001075141000342         .02    
038062401001075141000342        .122    
038062411001075141000342         .15    
038062761001075141000342          .3    
038063100001075141000342          .1    
038063120001075141000342        .035    
038066100001075141000342        .085    
038066130001075141000342         .21    
038066150001075141000342        .135    
038066160001075141000342         .01    
038066170001075141000342        .002    
038067100001075141000342        .065    
038262100001075141000342         .34    
038262150001075141000342        .115    
038262200001075141000342        .065    
038262411001075141000342         .15    
038264100001075141000342         .34    
038264120001075141000342        .135    
038266100001075141000342        .085    
038266130001075141000342         .21    
066004200001075141000342        .025    
066110001001075141000342        .014    
066110105001075141000342        .013    
066110110001075141000342        .455    
066130100001075141000342          .7    
066140110001075141000342         .49    
066141800001075141000342         .05    
066154006001075141000342         .56    
066710020001075141000342         .02    
066740001001075141000342        .012    
072710020001075141000342        .164    
072710620001075141000342        .495    
072721360001075141000342        .795    
072730410001075141000342        .202    
072750020001075141000342         .25  * 
076004210001075141000342        .017    
076004210771075141000342        .017    
076110140001075141000342        .585    
076110140771075141000342        .585    
076130110001075141000342         .71    
076130110771075141000342         .71    
076136100771075141000342         .02    
076137000771075141000342         .02    
076140120001075141000342        .215    
076140120771075141000342        .215    
076140320001075141000342         .06    
076140320771075141000342         .06    
076140420001075141000342         .06    
076140520001075141000342        .015    
076140520771075141000342        .015    
076154000001075141000342        .585    
076154000771075141000342        .585    
076154005001075141000342        .004    
078673090001075141000342        .037    
078720010001075141000342         .73    
078730010771075141000342         .01    
078740030001075141000342        .035    
079670192001075141000342        .002    
079711880001075141000342        .097    
079713010001075141000342         .06    
079713040001075141000342        .068    
079717110001075141000342        .009    
226010080771075141000342        .011    
226010081001075141000342        .011    
226010310001075141000342         .02    
226010310771075141000342         .02    
226010410001075141000342        .115    
226010410771075141000342        .115    
226010420001075141000342         .11    
226010420771075141000342         .11    
226012070771075141000342        .012    
226012071001075141000342        .012    
226013100001075141000342         .15    
226013200001075141000342         .15    
226020110001075141000342         .31    
226020110771075141000342         .31    
226020150001075141000342        .027    
226020150771075141000342        .027    
226020580001075141000342        .025    
226020580771075141000342        .025    
226021200001075141000342         .21    
226021200771075141000342         .21    
226021440771075141000342         .04    
226021441001075141000342         .04    
226023110001075141000342         .27    
226023200001075141000342        .195    
226023580001075141000342        .025    
226030100001075141000342        .016    
226030100771075141000342        .016    
226030610771075141000342        .014    
226030640001075141000342        .033    
226033100001075141000342         .27    
226033640001075141000342        .014    
226050020001075141000342         .02    
226050020771075141000342         .02    
226050140001075141000342        .006    
226050140771075141000342        .006    
921214160001075141000342         .19    
921214160771075141000342         .19    
921214193001075141000342        .003    
921214193771075141000342        .003    
921214248001075141000342         .02    
921214248771075141000342         .02    
921214259001075141000342        .004    
921214259771075141000342        .004    
921214413001075141000342         .06    
921214424001075141000342         .07    
921214424771075141000342         .07    
921510533001075141000342        .009    
921510566001075141000342        .009    
921522721001075141000342        .014    
941510150001075141000342         .06    
941510172001075141000342        .007    
941510216001075141000342        .007    
941711010001075141000342         .06    
991510023001075141000342        .305    
991510090001075141000342        .055    
991510177001075141000342        .086    
991510177771075141000342        .086    
991510210001075141000342        .008    
991510562771075141000342        .007    
991521661001075141000342         .06    
991521925001075141000342        .005    
991522486001075141000342        .047    
991522640001075141000342        .007    
991712038001075141000342        .491    
991712038771075141000342        .491    
991712214001075141000342        .292    
991712247001075141000342        .047    
991712247771075141000342        .047    
991712270001075141000342        .113    
991712270771075141000342        .113    
991712313001075141000342        .124    
991712313771075141000342        .124    
991712368001075141000342         .02    
991712368771075141000342         .02    
991712445001075141000342        .047    
991712445771075141000342        .047    
991510177001075141000942        .003    
991510177771075141000942        .003    
991712038001075141000942        .003    
066730100001075141001042        .015    
051600220001075141001342         .03    
051600230001075141001342         .03    
051600580001075141001342         .35    
051710010001075141001342        .224    
062652280031075141001342        .056    
062652280721075141001342        .056    
062652280731075141001342        .056    
062652530011075141001342        .056    
062652530021075141001342        .056    
062652530711075141001342        .056    
062652530721075141001342        .056    
062710010771075141001342       .0044    
062710890771075141001342       .0125    
062830083771075141001342       .0031    
117471140001075141001342        .041    
117471510001075141001342        .041    
991521672001075141001342         .03    
991521672771075141001342         .03    
056000150201075177200142        .015    
056000150201075177200142        .015    
056000280101075177200142         .04    
038061811001075179800042        .005    
038062051001075179800042       .0015    
038062053001075179800042       .0035    
226050140001075179800042        .003    
226050140771075179800042        .003    
038061100001075185401542       .0986    
038061120001075185401542        .051    
038061220001075185401542       .0011    
038061360001075185401542        .001    
038061811001075185401542       .0045    
038062016001075185401542         .01    
038062051001075185401542      .00085    
038062053001075185401542       .0026    
038062100001075185401542       .0986    
038062150001075185401542        .044    
038062200001075185401542       .0238    
038062250001075185401542       .0396    
038062330001075185401542        .006    
038062401001075185401542        .036    
038062411001075185401542        .042    
038062761001075185401542        .084    
038063100001075185401542       .0374    
038063120001075185401542        .012    
038066100001075185401542        .032    
038066130001075185401542         .08    
038066150001075185401542        .051    
038066160001075185401542       .0035    
038066170001075185401542       .0007    
038067100001075185401542         .02    
038262100001075185401542       .0986    
038262150001075185401542        .044    
038262200001075185401542       .0238    
038262411001075185401542        .042    
038264100001075185401542        .098    
038264120001075185401542        .051    
038266100001075185401542        .032    
038266130001075185401542         .08    
051600220001075185401542         .01    
051600230001075185401542         .01    
051600580001075185401542         .09    
051710010001075185401542         .05    
062652280031075185401542        .016    
062652280721075185401542        .016    
062652280731075185401542        .016    
062652530011075185401542        .016    
062652530021075185401542        .016    
062652530711075185401542        .016    
062652530721075185401542        .016    
062710010771075185401542       .0012    
062710890771075185401542       .0035    
062830083771075185401542       .0009    
066004200001075185401542        .007    
066110001001075185401542       .0052    
066110105001075185401542        .005    
066110110001075185401542         .12    
066130100001075185401542          .2    
066140110001075185401542         .14    
066141800001075185401542        .015    
066154006001075185401542         .16    
066710020001075185401542       .0055    
066740001001075185401542        .003    
072710020001075185401542        .046    
072710620001075185401542        .138    
072721360001075185401542        .222    
072730410001075185401542        .056    
072750020001075185401542         .07    
076004210001075185401542        .005    
076004210771075185401542        .005    
076110140001075185401542        .163    
076110140771075185401542        .135    
076130110001075185401542          .6    
076130110771075185401542          .6    
076136100771075185401542        .006    
076137000771075185401542       .0055    
076140120001075185401542         .06    
076140120771075185401542         .06    
076140320001075185401542        .016    
076140320771075185401542        .016    
076140420001075185401542        .016    
076140520001075185401542        .004    
076140520771075185401542        .004    
076154000001075185401542        .165    
076154000771075185401542        .165    
076154005001075185401542        .002    
078673090001075185401542        .011    
078720010001075185401542        .204    
078730010771075185401542        .003    
078740030001075185401542         .01    
079670192001075185401542        .001    
079711880001075185401542        .028    
079713010001075185401542        .017    
079713040001075185401542         .02    
079717110001075185401542        .003    
117471140001075185401542        .013    
117471510001075185401542        .013    
226010080771075185401542       .0031    
226010081001075185401542       .0031    
226010310001075185401542        .006    
226010310771075185401542        .006    
226010410001075185401542        .032    
226010410771075185401542        .032    
226010420001075185401542         .03    
226010420771075185401542         .03    
226012070771075185401542       .0033    
226012071001075185401542       .0033    
226013100001075185401542        .042    
226013200001075185401542        .042    
226020110001075185401542        .087    
226020110771075185401542        .087    
226020150001075185401542       .0075    
226020150771075185401542       .0075    
226020580001075185401542        .012    
226020580771075185401542        .012    
226021200001075185401542         .06    
226021200771075185401542         .06    
226021440771075185401542        .011    
226021441001075185401542        .011    
226023110001075185401542        .075    
226023200001075185401542        .055    
226023580001075185401542        .012    
226030100001075185401542        .008    
226030100771075185401542        .008    
226030230001075185401542        .007    
226030230771075185401542        .007    
226030610771075185401542        .004    
226030640001075185401542        .017    
226033100001075185401542        .075    
226033640001075185401542        .004    
226050020001075185401542         .01    
226050020771075185401542         .01    
226050140001075185401542       .0021    
226050140771075185401542       .0021    
921214160001075185401542        .056    
921214160771075185401542        .056    
921214193001075185401542        .013    
921214193771075185401542       .0013    
921214248001075185401542        .007    
921214248771075185401542        .007    
921214259001075185401542       .0013    
921214259771075185401542       .0013    
921214413001075185401542         .02    
921214424001075185401542        .024    
921214424771075185401542        .024    
921510533001075185401542        .004    
921510566001075185401542        .004    
921522721001075185401542       .0045    
991510023001075185401542        .091    
991510090001075185401542        .017    
991510177001075185401542        .027    
991510177771075185401542        .027    
991510210001075185401542        .003    
991510562771075185401542        .003    
991521661001075185401542        .019    
991521672001075185401542         .01    
991521672771075185401542         .01    
991521925001075185401542        .002    
991522486001075185401542        .014    
991522640001075185401542        .003    
991712038001075185401542        .145    
991712038771075185401542        .143    
991712214001075185401542        .085    
991712247001075185401542        .014    
991712247771075185401542        .014    
991712270001075185401542        .033    
991712270771075185401542        .033    
991712313001075185401542        .036    
991712313771075185401542        .036    
991712368001075185401542        .006    
991712368771075185401542        .006    
991712445001075185401542        .014    
991712445771075185401542        .014    
991712489001075185401542        .007    
991712489771075185401542        .007    
991725271771075185401542       .0003    
062653400001075200100042       .0005    
062656100001075200100042       .0005    
066110110001075200100042        .005    
072730410001075200100042        .005    
076110140001075200100042        .005    
078730100001075200100042        .003    
056000150201075215400042        .005    
056000150201075215400042        .005    
056000280101075215400042        .012    
017490255001075238000042        .002    
017691260001075238000042        .009    
038060031001075238000042        .004    
038060033001075238000042        .002    
038060034001075238000042        .006    
038060141001075238000042        .003    
038060181001075238000042        .005    
038060191001075238000042        .009    
038060200001075238000042        .005    
038061242001075238000042       .0017    
038061407001075238000042        .007    
038061591001075238000042       .0007    
038062013001075238000042        .003    
038062059001075238000042       .0009    
038062603001075238000042       .0003    
038063201001075238000042        .019    
038066222001075238000042       .0003    
038066431001075238000042       .0011    
050600001001075238000042        .008    
050600002001075238000042        .008    
051600421001075238000042        .004    
051660002001075238000042       .0045    
051660005001075238000042       .0045    
051660006001075238000042        .011    
054600007001075238000042         .02    
054600008001075238000042        .015    
062650018001075238000042        .008    
062660227011075238000042       .0045    
062660234001075238000042        .011    
062660235001075238000042        .011    
063010014771075238000042        .012    
063010015771075238000042       .0052    
063010016771075238000042       .0005    
063010019771075238000042        .007    
063010023771075238000042       .0048    
063010024771075238000042       .0007    
063010034771075238000042       .0005    
063010071771075238000042        .035    
063010081771075238000042         .03    
063010082711075238000042        .037    
063010084771075238000042      .00065    
063010085771075238000042       .0017    
063010097771075238000042       .0005    
063010133771075238000042       .0052    
063010137771075238000042       .0013    
063010138771075238000042        .007    
063010390771075238000042         .07    
063710016771075238000042        .001    
063710251771075238000042       .0035    
063710282771075238000042        .002    
063710283771075238000042        .001    
072710006001075238000042        .014    
072710007001075238000042        .009    
072710040771075238000042         .01    
072710047771075238000042         .02    
072710142771075238000042        .016    
072710144771075238000042        .043    
072710150001075238000042        .045    
072710150771075238000042         .09    
072710178771075238000042        .019    
072710179771075238000042         .01    
072710198771075238000042        .007    
072710199771075238000042         .04    
072710640771075238000042        .013    
072720005771075238000042        .024    
072720007771075238000042        .017    
072720071771075238000042        .109    
072720152771075238000042        .005    
072720171771075238000042        .012    
072720192001075238000042         .04    
072720192771075238000042         .04    
072720284001075238000042        .035    
072720284771075238000042        .035    
072720285771075238000042        .004    
072720286771075238000042        .054    
072720289771075238000042      .00013    
072720297771075238000042         .13    
072720309001075238000042        .025    
072720309771075238000042        .025    
072721180001075238000042        .089    
072721180771075238000042         .08    
072721210001075238000042         .05    
072721210771075238000042         .05    
072721350771075238000042          .1    
072721410771075238000042        .053    
072730020771075238000042        .087    
072730056771075238000042        .002    
072730094771075238000042        .009    
072730101001075238000042         .06    
072730101771075238000042         .06    
072730103771075238000042        .091    
072730106771075238000042        .086    
072740013771075238000042        .006    
072740050771075238000042        .007    
072740052771075238000042        .003    
072740150771075238000042         .01    
072740230771075238000042        .008    
072740240771075238000042        .001    
072750090771075238000042        .047    
072750110771075238000042         .09    
076004001771075238000042        .075    
076004002771075238000042         .05    
076004007771075238000042         .04    
076004009771075238000042        .007    
076004013771075238000042         .05    
076004015771075238000042        .012    
076004034771075238000042         .07    
076004037771075238000042       .0133    
076004042771075238000042        .006    
076004102771075238000042       .0065    
076004440771075238000042        .031    
076110012771075238000042        .004    
076110015771075238000042        .003    
076110016771075238000042        .008    
076110018771075238000042        .003    
076110024771075238000042         .05    
076110025771075238000042         .05    
076110038771075238000042        .007    
076110039771075238000042        .014    
076110041771075238000042         .01    
076110044771075238000042        .065    
076110049771075238000042         .02    
076110140771075238000042        .075    
076110200771075238000042        .013    
076115001771075238000042        .028    
076115005771075238000042       .0014    
076115006771075238000042       .0015    
076115011771075238000042        .011    
076115012771075238000042       .0052    
076115016771075238000042        .028    
076115032771075238000042       .0008    
076115035771075238000042         .01    
076115055001075238000042         .01    
076115055771075238000042         .01    
076115250771075238000042         .09    
076130022771075238000042        .027    
076130025771075238000042       .0018    
076130031771075238000042        .011    
076130032771075238000042        .006    
076130035771075238000042        .013    
076130085771075238000042        .035    
076130086771075238000042        .006    
076130088771075238000042        .008    
076130096771075238000042        .028    
076130099771075238000042        .006    
076130128771075238000042        .003    
076130209771075238000042        .031    
076131220771075238000042        .055    
076131400771075238000042        .028    
076134001771075238000042        .005    
076134002771075238000042        .006    
076134200771075238000042        .005    
076140007771075238000042        .017    
076140008771075238000042        .004    
076140009771075238000042        .011    
076140011771075238000042        .018    
076140014771075238000042        .003    
076140064771075238000042      .00314    
076140065771075238000042        .006    
076140067771075238000042        .071    
076140800771075238000042        .011    
076140900771075238000042        .019    
076141200771075238000042        .013    
076141300771075238000042        .009    
076141410771075238000042        .008    
076141500771075238000042        .008    
076141900771075238000042        .009    
078670559771075238000042        .026    
078710004711075238000042        .009    
078710228001075238000042        .016    
078710228771075238000042        .016    
078710229001075238000042         .02    
078710229771075238000042         .02    
078710231001075238000042        .017    
078710231711075238000042        .017    
078710546771075238000042        .019    
078711060771075238000042        .012    
078720002001075238000042        .007    
078720150001075238000042        .061    
078720150771075238000042         .09    
078740004001075238000042        .009    
078740008001075238000042        .008    
078740008711075238000042        .008    
078740009001075238000042        .009    
078740009711075238000042        .009    
078740010771075238000042        .031    
078740040771075238000042       .0093    
078740050771075238000042        .004    
078740060771075238000042        .013    
078740070771075238000042        .007    
079670134001075238000042        .002    
079670134771075238000042        .002    
079670135001075238000042        .002    
079670135771075238000042        .002    
079670136001075238000042        .006    
079670136771075238000042        .006    
079670137001075238000042        .006    
079670137771075238000042        .006    
079710014001075238000042        .045    
079710014771075238000042        .045    
079710091711075238000042        .023    
079710094771075238000042        .002    
079710113771075238000042        .001    
079710140771075238000042        .008    
079710320771075238000042         .01    
079710488001075238000042        .006    
079710488771075238000042        .006    
079710495771075238000042        .002    
079710514001075238000042       .0068    
079710522771075238000042        .012    
079710640771075238000042        .005    
079710805001075238000042        .007    
079710894771075238000042        .003    
079710896771075238000042        .008    
079710958771075238000042        .004    
079710962771075238000042        .004    
079710964001075238000042        .007    
079710969771075238000042        .014    
079711020771075238000042         .05    
079711110771075238000042        .005    
079717090771075238000042        .007    
117590023001075238000042       .0011    
226013021001075238000042        .012    
226013031001075238000042         .01    
811787001001075238000042       .0035    
921214468001075238000042        .003    
921522897001075238000042        .001    
921522919001075238000042        .001    
921522920001075238000042       .0025    
921728762001075238000042        .009    
921729488001075238000042        .003    
925200001001075238000042         .05    
941658122771075238000042        .001    
941658133771075238000042        .001    
941658144771075238000042        .001    
981659270771075238000042       .0043    
981659314771075238000042        .008    
981659325771075238000042       .0043    
981727514771075238000042        .001    
038061100001075280200042         .18    
038061120001075280200042        .084    
038061220001075280200042        .002    
038061360001075280200042       .0015    
038061811001075280200042       .0064    
038062016001075280200042        .016    
038062051001075280200042      .00087    
038062053001075280200042           0    
038062100001075280200042         .18    
038062150001075280200042        .073    
038062200001075280200042         .04    
038062250001075280200042        .065    
038062330001075280200042        .012    
038062401001075280200042        .064    
038062411001075280200042        .063    
038062761001075280200042         .16    
038063100001075280200042        .062    
038063120001075280200042        .021    
038066100001075280200042        .053    
038066130001075280200042        .132    
038066150001075280200042        .085    
038066160001075280200042        .006    
038066170001075280200042       .0012    
038067100001075280200042        .034    
038262100001075280200042         .18    
038262150001075280200042        .073    
038262200001075280200042         .04    
038262411001075280200042        .063    
038264100001075280200042         .18    
038264120001075280200042        .084    
038266100001075280200042        .053    
038266130001075280200042        .132    
051600220001075280200042        .004    
051600230001075280200042        .004    
051600580001075280200042        .057    
051710010001075280200042        .038    
062652280031075280200042       .0054    
062652280721075280200042       .0054    
062652280731075280200042       .0054    
062652530011075280200042       .0054    
062652530021075280200042       .0054    
062652530711075280200042       .0054    
062652530721075280200042       .0054    
062710010771075280200042      .00044    
062710890771075280200042      .00114    
062830083771075280200042       .0003    
066004200001075280200042        .013    
066110001001075280200042        .009    
066110105001075280200042        .009    
066110110001075280200042        .225    
066130100001075280200042        .362    
066140110001075280200042        .256    
066141800001075280200042        .036    
066154006001075280200042         .29    
066710020001075280200042        .011    
066730100001075280200042        .007    
066740001001075280200042        .005    
072710020001075280200042        .086    
072710620001075280200042        .257    
072721360001075280200042         .41    
072730410001075280200042        .104    
072750020001075280200042        .129    
076004210001075280200042        .009    
076004210771075280200042        .009    
076110140001075280200042        .302    
076110140771075280200042        .263    
076130110001075280200042        .402    
076130110771075280200042        .402    
076136100771075280200042        .011    
076137000771075280200042        .011    
076140120001075280200042        .111    
076140120771075280200042        .111    
076140320001075280200042        .031    
076140320771075280200042        .031    
076140420001075280200042        .031    
076140520001075280200042       .0065    
076140520771075280200042       .0065    
076154000001075280200042        .302    
076154000771075280200042        .302    
076154005001075280200042       .0024    
078673090001075280200042         .02    
078720001001075280200042       .2305    
078720010001075280200042        .377    
078730010771075280200042        .006    
078740030001075280200042        .018    
079670192001075280200042        .001    
079711880001075280200042        .051    
079713010001075280200042        .032    
079713040001075280200042        .036    
079717110001075280200042        .005    
117471140001075280200042       .0047    
117471510001075280200042       .0047    
226010080771075280200042        .005    
226010081001075280200042        .005    
226010310001075280200042        .009    
226010310771075280200042        .009    
226010410001075280200042        .048    
226010410771075280200042        .048    
226010420001075280200042        .046    
226010420771075280200042        .046    
226012070771075280200042       .0053    
226012071001075280200042       .0053    
226013100001075280200042        .064    
226013200001075280200042        .064    
226020110001075280200042        .138    
226020110771075280200042        .138    
226020150001075280200042        .012    
226020150771075280200042        .012    
226020580001075280200042        .012    
226020580771075280200042        .012    
226021200001075280200042        .096    
226021200771075280200042        .096    
226021440771075280200042        .017    
226021441001075280200042        .017    
226023110001075280200042        .114    
226023200001075280200042        .082    
226023580001075280200042        .012    
226030100001075280200042        .009    
226030100771075280200042        .009    
226030230001075280200042        .002    
226030230771075280200042        .002    
226030610771075280200042        .006    
226030640001075280200042        .017    
226033100001075280200042        .114    
226033640001075280200042        .006    
226050020001075280200042         .01    
226050020771075280200042         .01    
226050140001075280200042        .003    
226050140771075280200042        .003    
921214160001075280200042        .088    
921214160771075280200042        .088    
921214193001075280200042      .00134    
921214193771075280200042      .00134    
921214248001075280200042       .0094    
921214248771075280200042       .0094    
921214259001075280200042      .00174    
921214259771075280200042      .00174    
921214413001075280200042        .029    
921214424001075280200042       .0338    
921214424771075280200042       .0338    
921510533001075280200042        .005    
921510566001075280200042        .005    
921522721001075280200042       .0061    
991510023001075280200042        .141    
991510090001075280200042       .0234    
991510177001075280200042       .0384    
991510177771075280200042       .0384    
991510210001075280200042       .0034    
991510562771075280200042      .00314    
991521661001075280200042       .0257    
991521672001075280200042       .0027    
991521672771075280200042       .0027    
991521925001075280200042       .0024    
991522486001075280200042         .02    
991522640001075280200042      .00314    
991712038001075280200042        .221    
991712038771075280200042        .158    
991712214001075280200042       .1251    
991712247001075280200042       .0201    
991712247771075280200042       .0201    
991712270001075280200042       .0484    
991712270771075280200042        .484    
991712313001075280200042       .0531    
991712313771075280200042       .0531    
991712368001075280200042       .0087    
991712368771075280200042       .0087    
991712445001075280200042         .02    
991712445771075280200042         .02    
991712489001075280200042        .002    
991712489771075280200042        .002    
991725271771075280200042       .0003    
051600220001075280400042        .013    
051600230001075280400042        .013    
051600580001075280400042         .15    
051710010001075280400042        .096    
062652280031075280400042        .024    
062652280721075280400042        .024    
062652280731075280400042        .024    
062652530011075280400042        .024    
062652530021075280400042        .024    
062652530711075280400042        .024    
062652530721075280400042        .024    
062710010771075280400042       .0019    
062710890771075280400042       .0054    
062830083771075280400042      .00133    
117471140001075280400042       .0176    
117471510001075280400042       .0176    
991521672001075280400042       .0129    
991521672771075280400042       .0129    
038262411001075720500142         .04    
038266130001075720500142        .048    
062652280031075720500142         .02    
062652280721075720500142         .02    
062652280731075720500142         .02    
062652530011075720500142         .02    
062652530021075720500142         .02    
062652530711075720500142         .02    
062652530721075720500142         .02    
062710010771075720500142       .0012    
062710890771075720500142       .0025    
062830083771075720500142        .001    
066004200001075720500142        .004    
072710020001075720500142         .03    
072710620001075720500142        .086    
072721360001075720500142         .14    
072730410001075720500142        .052    
072750020001075720500142        .064    
076004210001075720500142        .004    
076004210771075720500142        .004    
076110140001075720500142        .102    
076136100771075720500142        .004    
076137000771075720500142       .0051    
076140120001075720500142        .037    
076140120771075720500142        .037    
076140320001075720500142         .01    
076140320771075720500142         .01    
076140420001075720500142         .01    
076140520001075720500142        .003  * 
076140520771075720500142        .003  * 
076154000001075720500142        .102    
076154000771075720500142        .102    
076154005001075720500142        .001    
078673090001075720500142         .01    
078720010001075720500142        .128    
078730010771075720500142        .003    
078740030001075720500142        .006    
079670192001075720500142        .001    
079711880001075720500142        .017    
079713010001075720500142        .015    
079713040001075720500142        .012    
079717110001075720500142        .003    
117471140001075720500142        .008    
117471510001075720500142        .008    
226010080771075720500142        .002    
226010081001075720500142        .002    
226010310001075720500142        .004    
226010310771075720500142        .004    
226010410001075720500142        .029    
226010410771075720500142        .029    
226010420001075720500142        .028    
226010420771075720500142        .028    
226012070771075720500142        .002    
226012071001075720500142        .002    
226013100001075720500142        .026    
226013200001075720500142        .026    
226020110001075720500142        .055    
226020110771075720500142        .055    
226020150001075720500142        .005    
226020150771075720500142        .005    
226020580001075720500142        .004    
226020580771075720500142        .004    
226021200001075720500142        .036    
226021200771075720500142        .036    
226021440771075720500142        .007    
226021441001075720500142        .007    
226023110001075720500142        .047    
226023200001075720500142        .034    
226023580001075720500142        .004    
226030100001075720500142        .003    
226030100771075720500142        .003    
226030230001075720500142        .004    
226030610771075720500142        .004    
226030640001075720500142        .006    
226033100001075720500142        .047    
226033640001075720500142        .004    
226050020001075720500142        .003    
226050020771075720500142        .003    
226050140001075720500142        .002    
226050140771075720500142        .002    
921214160001075720500142        .067    
921214160771075720500142        .067    
921214193001075720500142        .003    
921214193771075720500142        .003    
921214248001075720500142        .013    
921214248771075720500142        .013    
921214259001075720500142        .003    
921214259771075720500142        .003    
921214413001075720500142        .016    
921214424001075720500142        .018    
921214424771075720500142        .018    
921510533001075720500142        .015    
921510566001075720500142        .015    
921522721001075720500142        .003    
991510023001075720500142        .058    
991510090001075720500142        .015    
991510177001075720500142        .017    
991510177771075720500142        .017    
991510210001075720500142        .002    
991521661001075720500142        .011    
991521672001075720500142        .008    
991521672771075720500142        .008    
991521925001075720500142        .002    
991522486001075720500142        .013    
991522640001075720500142        .002    
991712038001075720500142        .094    
991712214001075720500142        .056    
991712247001075720500142        .013    
991712247771075720500142        .013    
991712270001075720500142        .022    
991712313001075720500142        .034    
991712313771075720500142        .034    
991712368001075720500142        .006    
991712445001075720500142        .009    
991712489001075720500142        .004    
226030230001077000900115         .03    
991712489001077000900115         .03    
051000500101085510000435         1.8    
905100029001085510000435         3.2    
905100500111085510000435         1.8    
906200018001085510000435        7.25    
999150900001085510000435         .08    
999170400001085510000435         .16    
001700200001095510000435        .082    
001700200011095510000435        .082    
001700200021095510000435        .082    
001700200101095510000435        .082    
017000200001095510000435        .082    
017000200011095510000435        .082    
017000200021095510000435        .082    
017000200101095510000435        .082    
017000200111095510000435        .082    
017001900001095510000435         .14    
017001900011095510000435         .14    
017001900021095510000435         .14    
017002200001095510000435         .14    
050000100101095510000435         .22    
054000100101095510000435         .22    
117002000001095510000435        .001    
117210030001095510000435       .0003    
117211000001095510000435       .0003    
117217000001095510000435       .0003    
900170215001095510000435        .082    
901700185001095510000435        .085    
901700194001095510000435        .082    
901700194101095510000435        .082    
901700216001095510000435        .082    
901700216111095510000435        .082    
901700412001095510000435        .082    
901700419001095510000435         .14    
901700422001095510000435         .14    
901700432001095510000435        .082    
902260000001095510000435          .1    
905400100101095510000435         .22    
038062510001203240815342        .005    
226030230001203240818142        .005    
991712489001203240818142        .00500  
038062510001205185100442         .01    
226030230001205185100442        .009    
991712489001205185100442        .00900  
226030230001205206400142        .001    
991712489001205206400142        .00100  
921214171771205238000042        .015    
921214260771205238000042         .03    
921214468771205238000042        .003    
921254410771205238000042        .001    
921254420771205238000042       .0015    
921254871771205238000042        .019    
921254937771205238000042        .003    
921254959771205238000042        .001    
921255069771205238000042        .002    
921255070771205238000042        .001    
921255080771205238000042        .002    
921255168771205238000042        .001    
921510522771205238000042        .034    
921510555771205238000042        .034    
921522710771205238000042        .001    
921522820771205238000042        .005    
921522831771205238000042        .001    
921522864771205238000042       .0005    
921522875771205238000042        .003    
921522897771205238000042        .001    
921522919771205238000042        .001    
921522920771205238000042       .0025    
921522930771205238000042        .001    
921522974771205238000042        .006    
921711778771205238000042        .018    
921728641771205238000042        .002    
921728730771205238000042        .006    
921728740771205238000042       .0015    
921728751771205238000042        .001    
921728762771205238000042        .009    
921728795771205238000042       .0015    
921728817771205238000042        .011    
921728839771205238000042        .012    
921728861771205238000042        .001    
921728872771205238000042        .003    
921728883771205238000042        .005    
921728894771205238000042       .0015    
921728916771205238000042       .0045    
921728927771205238000042        .001    
921728938771205238000042       .0011    
921728949771205238000042         .04    
921729224771205238000042        .025    
921729257771205238000042       .0045    
921729279771205238000042       .0015    
921729378771205238000042        .001    
921729488771205238000042        .003    
921729499771205238000042        .003    
981727723771205238000042        .001    
981727734771205238000042        .004    
226030230001205301201442        .008    
991712489001205301201442        .00800  
226030230001205380500042         .02    
991712489001205380500042         .0200  
226030230001205392811142        .005    
991712489001205392811142        .00500  
038062510001205398700842        .005    
017890030001205510000435      .0036630  
017890030011205510000435      .0036630  
017890040001205510000435       .002430  
017890040011205510000435       .002430  
017890060001205510000435       .003530  
017890060011205510000435       .003530  
017890410001205510000435       .001630  
038060063001205510000435        .004    
038060990001205510000435      .0026230  
038060990011205510000435      .0026230  
038060990021205510000435      .0026230  
038062510001205510000435        .00430  
051890410001205510000435      .0030230  
051890410011205510000435      .0030230  
051890410021205510000435      .0030230  
051890410031205510000435      .0030230  
051890410041205510000435      .0030230  
051890410051205510000435      .0030230  
051890420001205510000435      .0021130  
051890420011205510000435      .0021130  
051890420021205510000435      .0021130  
051890420031205510000435      .0021130  
054890030001205510000435       .001730  
054890030771205510000435       .001730  
054890060001205510000435        .01230  
054890120001205510000435       .001630  
056000000011205510000435     .000665    
062895200001205510000435       .0015    
062897050001205510000435        .00230  
062897060001205510000435        .05630  
065895240001205510000435       .0012    
117002000001205510000435        .014    
117210030001205510000435        .008    
117211000001205510000435        .008    
117217000001205510000435        .008    
117590200001205510000435        .005    
117610200001205510000435        .01730  
117611000001205510000435        .01730  
117612000001205510000435        .01730  
117890000001205510000435        .00730  
117890200001205510000435        .00830  
226030230001205510000435        .005    
226030230771205510000435        .005    
226890100001205510000435       .003330  
226890400001205510000435       .004230  
226890500001205510000435        .01230  
226890500771205510000435        .01230  
226890600001205510000435        .01230  
226890600771205510000435        .01230  
743584000001205510000435        .004    
743584000011205510000435        .004    
905600002001205510000435     .000665    
910006073001205510000435        .00130  
910006867001205510000435        .00830  
910008322001205510000435         .0230  
910008352001205510000435         .0130  
910009046001205510000435        .00130  
910009117001205510000435        .00230  
910009161001205510000435        .02230  
910009162001205510000435        .02230  
910009442001205510000435        .00130  
910009524001205510000435        .00330  
910009527001205510000435        .00830  
920004319001205510000435        .00130  
920004320001205510000435        .00130  
991712489001205510000435      .0016200  
226030230001205581000242        .001    
991712489001205581000242        .00100  
226030230001205642800142        .001    
991712489001205642800142        .00100  
226030230001205642800242        .001    
991712489001205642800242        .00100  
038062510001205720500142         .05    
226030230001205720500142         .05    
991712489001205720500142         .2500  
038062510001205809600142        .003    
038062510001207000900115         .03    
226030230001207000900142         .03    
991712489001207000900115         .0300  
226030230001207184000115          .2    
991712489001207184000115          .200  
226030230001207601500042         .03    
991712489001207601500042         .0300  
078679206001235510000435       .0016    
078679207001235510000435       .0012    
078679208001235510000435       .0012    
078679209001235510000435       .0016    
117234710001355510000435         .07    
117590210011355510000435         .07    
743584010011355510000435         .07    
001719130001385510000435        .001    
001739010021385510000435        .008    
017193210001385510000435        .003    
017193760001385510000435        .001    
017390450011385510000435        .001    
017390520021385510000435        .007    
017390680021385510000435        .008    
017495570001385510000435        .005    
017691190001385510000435        .005    
017780120001385510000435        .004    
017780130001385510000435        .004    
017840020001385510000435       .0003    
017840020771385510000435       .0003    
038062364001385510000435      .00024    
038062720001385510000435       .0078    
038062750001385510000435        .008    
051660015001385510000435       .0019    
051660120001385510000435       .0034    
056000001001385510000435    .0000494    
056000029001385510000435        .003    
056000039001385510000435        .003    
056000064001385510000435        .004    
056000064011385510000435        .004    
056000080001385510000435        .002    
056000110001385510000435      .00092    
056000164001385510000435        .003    
056000300001385510000435      .0035506  
056000316001385510000435        .005    
056000330001385510000435      .00408    
056000530001385510000435     .002486    
056000680001385510000435     .000504    
062570019001385510000435     .000539    
062650170771385510000435       .000506  
062710210001385510000435      .00024    
062710290001385510000435       .0027    
062710320001385510000435      .00024    
062710330001385510000435      .00037    
062710990001385510000435       .0001    
062720080001385510000435       .0024    
062720550001385510000435      .00044    
062720980001385510000435       .0017    
062721070001385510000435      .00038    
062830028001385510000435       .0032    
062830029001385510000435       .0053    
066080121001385510000435        .001    
066150100001385510000435       .0415    
072720770001385510000435        .006    
072721220001385510000435       .0007    
072721230001385510000435       .0007    
072721370001385510000435        .004    
072730350001385510000435        .003    
076136200001385510000435        .017    
076138020001385510000435      .00002    
076141800001385510000435        .002    
076150200001385510000435        .052    
078672720001385510000435      .00048    
079710410001385510000435       .0015    
079710420001385510000435        .029    
088722250001385510000435        .004  1 
226030210001385510000435       .0054    
743590025001385510000435        .004    
743590025021385510000435        .004    
743595071001385510000435        .006    
743595071021385510000435        .006    
743595800001385510000435        .002    
743595800011385510000435        .002    
743595800021385510000435        .002    
743595800771385510000435        .002    
743595900001385510000435       .0025    
743595900011385510000435       .0025    
743595900021385510000435       .0025    
743595900771385510000435       .0025    
921214369001385510000435      .00055    
921214370001385510000435      .00059    
921214435001385510000435      .00028    
991510573001385510000435        .001    
991712137001385510000435      .00055    
991712269001385510000435     .000006    
991712280001385510000435      .00076    
991712380001385510000435       .0065    
991712545001385510000435       .0065    
066080260138135480700042         .03    
