07271004000107523800015238000042         .01                
07271004777107523800015238000042         .02                
07271014277107523800015238000042        .016                
07271014477107523800015238000042        .043                
07271015077107523800015238000042        .015                
07271017877107523800015238000042        .019                
07271017977107523800015238000042         .01                
07271019877107523800015238000042        .007                
07271019977107523800015238000042         .04                
07271064077107523800015238000042        .013                
07272000577107523800015238000042        .024                
07272000777107523800015238000042        .017                
07272007177107523800015238000042        .109                
07272015277107523800015238000042        .005                
07272017177107523800015238000042        .012                
07272019277107523800015238000042         .04                
07272028477107523800015238000042        .035                
07272028500107523800015238000042        .004                
07272028577107523800015238000042        .004                
07272028600107523800015238000042        .054                
07272028677107523800015238000042        .054                
07272029700107523800015238000042         .13                
07272029777107523800015238000042         .13                
07272030900107523800015238000042        .025                
07272030977107523800015238000042        .025                
07272118000107523800015238000042        .089                
07272118077107523800015238000042        .089                
07272121000107523800015238000042          .2                
07272121077107523800015238000042          .2                
07272135000107523800015238000042        .244                
07272135077107523800015238000042        .244                
07272141000107523800015238000042        .053                
07272141077107523800015238000042        .053                
07273002000107523800015238000042        .087                
07273002077107523800015238000042        .087                
07273005600107523800015238000042        .002                
07273005677107523800015238000042        .002                
07273009400107523800015238000042        .009                
07273009477107523800015238000042        .009                
07273010100107523800015238000042         .35                
07273010177107523800015238000042         .35                
07273010300107523800015238000042        .091                
07273010377107523800015238000042        .091                
07273010600107523800015238000042        .086                
07273010677107523800015238000042        .086                
07274001300107523800015238000042        .006                
07274001377107523800015238000042        .006                
07274005000107523800015238000042        .007                
07274005077107523800015238000042        .007                
07274005200107523800015238000042        .003                
07274005277107523800015238000042        .003                
07274015000107523800015238000042         .01                
07274015077107523800015238000042         .01                
07274023000107523800015238000042        .016                
07274023077107523800015238000042        .008                
07274024000107523800015238000042        .001                
07274024077107523800015238000042        .001                
07275009000107523800015238000042        .047                
07275009077107523800015238000042        .047                
07275011000107523800015238000042         .04                
07275011077107523800015238000042         .09                
07600400100107523800015238000042        .142                
07600400177107523800015238000042        .142                
07600400200107523800015238000042        .105                
07600400277107523800015238000042        .105                
07600400700107523800015238000042        .103                
07600400777107523800015238000042        .103                
07600400900107523800015238000042        .007                
07600400977107523800015238000042        .007                
07600401300107523800015238000042        .114                
07600401377107523800015238000042        .114                
07600401500107523800015238000042        .012                
07600401577107523800015238000042        .012                
07600403400107523800015238000042         .31                
07600403477107523800015238000042         .31                
07600403700107523800015238000042       .0133                
07600403777107523800015238000042       .0133                
07600404200107523800015238000042        .006                
07600404277107523800015238000042        .006                
07600410200107523800015238000042       .0065                
07600410277107523800015238000042       .0065                
07600444077107523800015238000042        .031                
07611001200107523800015238000042        .004                
07611001277107523800015238000042        .004                
07611001500107523800015238000042        .003                
07611001577107523800015238000042        .003                
07611001600107523800015238000042        .008                
07611001677107523800015238000042        .008                
07611001700107523800015238000042        .008                
07611001777107523800015238000042        .008                
07611001800107523800015238000042        .003                
07611001877107523800015238000042        .003                
07611002400107523800015238000042        .112                
07611002477107523800015238000042        .112                
07611002500107523800015238000042        .114                
07611002577107523800015238000042        .114                
07611003800107523800015238000042        .007                
07611003877107523800015238000042        .007                
07611003900107523800015238000042        .014                
07611003977107523800015238000042        .014                
07611004100107523800015238000042         .01                
07611004177107523800015238000042         .01                
07611004400107523800015238000042        .135                
07611004477107523800015238000042        .135                
07611014077107523800015238000042        .143                
07611020000107523800015238000042        .013                
07611020077107523800015238000042        .013                
07611500177107523800015238000042        .028                
07611500500107523800015238000042       .0014                
07611500577107523800015238000042       .0014                
07611500600107523800015238000042       .0015                
07611500677107523800015238000042       .0015                
07611501100107523800015238000042        .011                
07611501177107523800015238000042        .011                
07611501200107523800015238000042       .0052                
07611501277107523800015238000042       .0052                
07611503200107523800015238000042       .0008                
07611503277107523800015238000042       .0008                
07611503300107523800015238000042         .01                
07611503377107523800015238000042         .01                
07611503500107523800015238000042        .005                
07611503577107523800015238000042        .005                
07611511000107523800015238000042        .348                
07611511077107523800015238000042        .348                
07611525000107523800015238000042        .231                
07611525077107523800015238000042        .231                
07613002200107523800015238000042        .027                
07613002277107523800015238000042        .027                
07613002500107523800015238000042       .0018                
07613002577107523800015238000042       .0018                
07613003100107523800015238000042        .011                
07613003177107523800015238000042        .011                
07613003200107523800015238000042        .006                
07613003277107523800015238000042        .006                
07613003500107523800015238000042        .013                
07613003577107523800015238000042        .013                
07613008500107523800015238000042        .096                
07613008577107523800015238000042        .096                
07613008600107523800015238000042        .006                
07613008677107523800015238000042        .006                
07613008800107523800015238000042        .008                
07613008877107523800015238000042        .008                
07613009600107523800015238000042        .028                
07613009677107523800015238000042        .028                
07613009900107523800015238000042        .006                
07613009977107523800015238000042        .006                
07613012800107523800015238000042        .003                
07613012877107523800015238000042        .003                
07613020900107523800015238000042        .031                
07613020977107523800015238000042        .031                
07613025000107523800015238000042        .052                
07613025077107523800015238000042        .052                
07613122000107523800015238000042        .119                
07613122077107523800015238000042        .119                
07613140000107523800015238000042        .028                
07613140077107523800015238000042        .028                
07613400100107523800015238000042        .005                
07613400177107523800015238000042        .005                
07613400200107523800015238000042        .006                
07613400277107523800015238000042        .006                
07613420000107523800015238000042        .005                
07613420077107523800015238000042        .005                
07614000700107523800015238000042        .017                
07614000777107523800015238000042        .017                
07614000800107523800015238000042        .004                
07614000877107523800015238000042        .004                
07614000900107523800015238000042        .011                
07614000977107523800015238000042        .011                
07614001100107523800015238000042        .018                
07614001177107523800015238000042        .018                
07614001400107523800015238000042        .003                
07614001477107523800015238000042        .003                
07614004800107523800015238000042        .014                
07614004877107523800015238000042        .014                
07614004900107523800015238000042        .015                
07614004977107523800015238000042        .015                
07614006400107523800015238000042      .00314                
07614006477107523800015238000042      .00314                
07614006500107523800015238000042        .006                
07614006577107523800015238000042        .006                
07614006700107523800015238000042        .071                
07614006777107523800015238000042        .071                
07614080000107523800015238000042        .011                
07614080077107523800015238000042        .011                
07614090000107523800015238000042        .019                
07614090077107523800015238000042        .019                
07614120000107523800015238000042        .013                
07614120077107523800015238000042        .013                
07614130000107523800015238000042        .009                
07614130077107523800015238000042        .009                
07614141000107523800015238000042        .008                
07614141077107523800015238000042        .008                
07614150000107523800015238000042        .008                
07614150077107523800015238000042        .008                
07614190000107523800015238000042        .009                
07614190077107523800015238000042        .009                
07867055900107523800015238000042        .026                
07867055977107523800015238000042        .026                
07871000471107523800015238000042        .009                
07871022800107523800015238000042        .016                
07871022877107523800015238000042        .016                
07871022900107523800015238000042         .02                
07871022977107523800015238000042         .02                
07871023100107523800015238000042        .017                
07871023171107523800015238000042        .017                
07871054600107523800015238000042        .019                
07871054677107523800015238000042        .019                
07871106000107523800015238000042        .012                
07871106077107523800015238000042        .012                
07872015000107523800015238000042        .061                
07872015077107523800015238000042        .061                
07874000800107523800015238000042        .008                
07874000871107523800015238000042        .008                
07874000900107523800015238000042        .009                
07874000971107523800015238000042        .009                
07874001000107523800015238000042        .031                
07874001077107523800015238000042        .031                
07874004000107523800015238000042       .0093                
07874004077107523800015238000042       .0093                
07874005000107523800015238000042        .004                
07874005077107523800015238000042        .004                
07874006000107523800015238000042        .013                
07874006077107523800015238000042        .013                
07874007000107523800015238000042        .007                
07874007077107523800015238000042        .007                
